--------1--------
list = [22,27,16,2,18,6]
1) [16,22,27,2,18,6]
2) [2,16,22,27,18,6]
3) [2,16,18,22,27,6]
4) [2,6,16,18,22,27]

---------2---------
O(N^2)

--------3----------
Best case = O(N)
Average case = O(N^2)
Worst case = O(N^2)

--------4----------
sorted_list = [2,6,16,18,22,27]
18 listenin ortasında olduğu için average case kapsamına girer.


list = [7,3,5,8,2,9,4,15,6] 
1) [3,7,5,8,2,9,2,15,16]
2) [3,5,7,8,2,9,2,15,16]
3) [2,3,5,7,8,9,2,15,16]
4) [2,2,3,5,7,8,9,15,16]


www.patika.dev
